item_id:token	real_id:token
1	10093
2	592405224
3	3857
4	640563735
5	153936587
6	6964509115
7	58682
8	131208
9	271357
10	28551
11	540923531
12	284984
13	16232
14	74414
15	919273391
16	297160
17	4440747756
18	28588
19	178279
20	248358
21	424926402
22	547124465
23	18766
24	7389
25	692396909
26	140017
27	579302405
28	1562379537
29	219976
30	520115328
31	6964369749
32	294451
33	569837418
34	41738
35	4594778566
36	4875062784
37	834046950
38	47291
39	10103
40	10100
41	6083
42	5523940432
43	562332391
44	242031
45	416181231
46	6070455513
47	238595
48	65301
49	294705
50	2649549241
51	1449775569
52	36450
53	144333121
54	242269
55	266951
56	1000927087
57	194629
58	283676
59	1039544337
60	4830334529
61	4861414172
62	125171
63	293894
64	3594
65	11602
66	61376
67	185829
68	23609
69	25894
70	172322
71	32872
72	164785
73	2436451365
74	274382
75	284202
76	74520
77	55025
78	5297455380
79	263273
80	1000932566
81	251423
82	85653
83	177678
84	172306
85	53983
86	294952
87	48954
88	573749005
89	6964362008
90	6630553846
91	250944
92	39448
93	34675
94	723476024
95	145736
96	1371754294
97	29915
98	4780498294
99	27240
100	846629637
101	4027624215
102	25840
103	29060
104	3641188801
105	535861478
106	22605
107	6964463758
108	280497
109	22585
110	6964461541
111	14781
112	3297
113	248339
114	274486
115	379641613
116	378772875
117	171892
118	1129209231
119	4058681588
120	286651
121	275397
122	3640486197
123	9031958663
124	62564
125	2452820820
126	286633
127	62560
128	285693
129	192240
130	3671415084
131	267557
132	2217280918
133	3636723050
134	60181
135	40041
136	266529
137	37855
138	27226
139	514471755
140	65954
141	379642230
142	181820
143	5258449130
144	5699269112
145	131830
146	241346
147	549130793
148	9032021271
149	5699821179
150	578200049
151	1660856297
152	279021
153	6695779207
154	537766032
155	2040288910
156	24708
157	110118
158	284578
159	6964604467
160	6964419956
161	4481755384
162	172466
163	3729484034
164	699400229
165	2603278873
166	23360
167	8850
168	578544554
169	6041459750
170	2493652239
171	274174
172	6964440824
173	248751
174	1512713461
175	5928583379
176	73257
177	595746727
178	699396233
179	4562433291
180	803297901
181	26902
182	273521
183	6964605014
184	9031970219
185	623832647
186	84469
187	14729
188	243677
189	271441
190	14735
191	295118
192	26383
193	623826388
194	5715943282
195	15621
196	3250
197	38606
198	287428
199	240722
200	196852
201	14748
202	31771
203	276537
204	4549178556
205	1566911860
206	584964332
207	1013224538
208	180183
209	13489
210	4343450746
211	3319751495
212	11908
213	180496
214	85577
215	28723
216	44560
217	67648
218	299312
219	2291
220	2809
221	932399147
222	13573
223	251007
224	1118095676
225	2055569414
226	110345
227	4474927730
228	40597
229	27111
230	5354
231	3061903356
232	2774
233	64131
234	14332
235	5303612776
236	297227
237	549107109
238	54244
239	31443
240	1095303350
241	286875
242	283162
243	4785926865
244	23715
245	36272
246	259758
247	1151208148
248	21576
249	14335
250	11649
251	110198
252	255241
253	98100
254	301242
255	2771
256	248727
257	1869819280
258	565156819
259	298659
260	3797398846
261	132420
262	5166632262
263	692555265
264	175477
265	93366
266	234062
267	546255406
268	175466
269	283846
270	6964589125
271	17115
272	6964507740
273	1165388476
274	196624
275	167076720
276	7990
277	246911
278	5679757011
279	6163292474
280	69635
281	9032101833
282	2275305671
283	286014
284	1300
285	24881
286	151599
287	6964391218
288	3224344976
289	5303884212
290	3140616663
291	537701546
292	944612077
293	5814202878
294	19978
295	2269777356
296	181952
297	614090151
298	5798
299	616991921
300	21604
301	255230
302	20488
303	3871382696
304	279706
305	6485806040
306	5812
307	65424
308	5666649002
309	5341853273
310	164967473
311	6354
312	1388190941
313	1829737591
314	4917442412
315	6964605066
316	1659144539
317	1765515392
318	4261
319	281934
320	273420
321	1117785596
322	988423602
323	4790248523
324	287754
325	5993696826
326	5808
327	98087
328	6290951140
329	587066727
330	6196535980
331	572421629
332	6964432726
333	614073139
334	599691541
335	248331
336	610483525
337	4748871626
338	1422147710
339	10919
340	61421
341	5775
342	1277957195
343	30807
344	42881
345	14365
346	23441
347	102820
348	425574571
349	114667
350	3221
351	169119
352	3224
353	84542
354	4379536292
355	17785
356	237700
357	20657
358	155872
359	238079
360	1565
361	5847158141
362	172303
363	139820
364	6964392401
365	32064
366	930204095
367	240009
368	37977
369	1382428227
370	241637
371	192159
372	150584
373	17830
374	860264473
375	154696
376	37853
377	44475
378	266991
379	107405000
380	39796
381	25142
382	5993643095
383	6964386552
384	240082
385	619231005
386	905405686
387	195246
388	166728164
389	5558730621
390	241808
391	297132
392	22766
393	3422
394	74707
395	252724
396	22777
397	69790
398	1359800743
399	22781
400	1126068419
401	423054308
402	5924310659
403	93766
404	15656
405	84408
406	30690
407	1054989072
408	74702
409	430109508
410	984511820
411	167376
412	2652953122
413	22829
414	246377
415	4486873654
416	606565167
417	3412
418	1367369652
419	282357
420	5270388963
421	273326
422	6964470593
423	573216098
424	77592
425	26946
426	610768169
427	6964588963
428	267794
429	6964576194
430	245482
431	17446
432	2932
433	288329
434	294692
435	181943
436	4592067395
437	65882
438	247727
439	260195
440	4787602952
441	949910633
442	156399
443	300145
444	4174830346
445	182201
446	1117921196
447	25280
448	3467909708
449	756381162
450	3554203601
451	195125
452	140188
453	219126
454	283284
455	63457
456	571530801
457	1062313840
458	745597606
459	5628740816
460	3793011576
461	400458776
462	5538744224
463	1067804724
464	4917351399
465	40033
466	103021
467	195634
468	130937
469	14071
470	272906
471	6964498152
472	140611
473	293326
474	4378855865
475	1182080600
476	276150
477	4304022403
478	902194547
479	3722686216
480	32006
481	243074
482	243071
483	5753595125
484	2559753981
485	251733
486	13276
487	958967455
488	709764990
489	24228
490	1921968352
491	975406480
492	412221533
493	1002034481
494	1182106648
495	84803
496	176672
497	3259744496
498	218377
499	9032014474
500	1399276087
501	390588881
502	3541
503	6275550232
504	6964382172
505	2433263667
506	221615
507	243143
508	26360
509	227017
510	499
511	85411
512	4772759303
513	12868
514	275643
515	11677
516	424927044
517	12869
518	678166630
519	4671106044
520	281746
521	595244685
522	1525093386
523	84480
524	6964389719
525	585050534
526	1000
527	5964930930
528	613338059
529	5295505712
530	298274
531	5504541424
532	96136
533	1029
534	19735
535	6964372893
536	47304
537	23512
538	65
539	1372047272
540	30746
541	14477
542	282929
543	699596682
544	85381
545	51436
546	102238
547	602804672
548	259551
549	266907
550	53793
551	616980562
552	1038282965
553	272383
554	3735926383
555	236636
556	278228
557	555692794
558	6964355876
559	282928
560	3158202881
561	193792
562	287478
563	2511022392
564	250891
565	84498
566	295169
567	546975428
568	252920
569	15272
570	6964419948
571	5478875138
572	3961349733
573	93434
574	69634
575	3903
576	4171691514
577	727339845
578	84515
579	31860
580	280996
581	6196313153
582	73760
583	20826
584	118076
585	5920177625
586	84556
587	672210078
588	3918
589	110177
590	118081
591	72520
592	16456
593	125822
594	281033
595	72608
596	5876341738
597	110172
598	558057537
599	704856507
600	3342994197
601	110225
602	50204
603	292504
604	59721
605	4172036782
606	672213484
607	169434
608	1268794012
609	294406
610	175765
611	265281
612	5081709038
613	4340239883
614	1212347958
615	6964413082
616	667788361
617	6964421660
618	23531
619	257422
620	4475793067
621	2613054765
622	5018156227
623	184728
624	85426
625	1827830959
626	4637170240
627	4301142461
628	1086013733
629	1606653030
630	242492
631	5970
632	4622082933
633	4571482903
634	5450556751
635	12698
636	379939801
637	2694788922
638	19326
639	4317446332
640	1515511306
641	47255
642	20530
643	295161
644	712555430
645	4968549367
646	167270599
647	3961113758
648	6964380860
649	5987
650	31294
651	259887
652	830794538
653	1459727573
654	5763153469
655	1395055222
656	167310752
657	87662
658	846205933
659	24046
660	167271359
661	913080620
662	4565414448
663	685886242
664	291927
665	256291
666	280354
